              precision    recall  f1-score   support

           1       0.72      0.65      0.68        20
           2       0.81      0.85      0.83        20
           3       0.89      0.85      0.87        20
           4       0.90      0.90      0.90        20
           5       0.86      0.90      0.88        20
           6       0.89      0.85      0.87        20
           7       0.67      0.70      0.68        20
           8       0.75      0.75      0.75        20
           9       0.65      0.65      0.65        20
          10       0.73      0.80      0.76        20
          11       1.00      0.85      0.92        20
          12       0.62      0.65      0.63        20
          13       0.74      0.70      0.72        20
          14       0.70      0.80      0.74        20
          15       0.91      1.00      0.95        20
          16       0.80      0.80      0.80        20
          17       0.67      0.70      0.68        20
          18       0.82      0.90      0.86        20
          19       0.94      0.85      0.89        20
          20       0.74      0.85      0.79        20
          21       0.86      0.90      0.88        20
          22       0.87      1.00      0.93        20
          23       0.94      0.85      0.89        20
          24       0.94      0.80      0.86        20
          25       0.80      0.60      0.69        20
          26       1.00      0.95      0.97        20

    accuracy                           0.81       520
   macro avg       0.82      0.81      0.81       520
weighted avg       0.82      0.81      0.81       520
